654 0 1
1454 1 1
2545 2 1
19 3 1
2374 4 1
28 5 1
34 6 1
1364 7 1
163 8 1
50 9 1
57 10 1
58 11 1
62 12 1
63 13 1
2628 14 1
1418 15 1
2487 16 1
2488 17 1
550 18 1
1649 19 1
96 20 1
98 21 1
2092 22 1
1161 23 1
2643 24 1
2506 25 1
115 26 1
1076 27 1
646 28 1
2478 29 1
233 30 1
134 31 1
136 32 1
2617 33 1
178 34 1
1672 35 1
491 36 1
192 37 1
2646 38 1
198 39 1
204 40 1
207 41 1
209 42 1
1626 43 1
212 44 1
214 45 1
913 46 1
221 47 1
226 48 1
322 49 1
235 50 1
237 51 1
238 52 1
1274 53 1
1069 54 1
1220 55 1
241 56 1
782 57 1
256 58 1
260 59 1
265 60 1
2373 61 1
418 62 1
2551 63 1
272 64 1
278 65 1
288 66 1
291 67 1
293 68 1
690 69 1
1132 70 1
313 71 1
319 72 1
2598 73 1
1694 74 1
339 75 1
345 76 1
1643 77 1
419 78 1
351 79 1
355 80 1
358 81 1
361 82 1
362 83 1
363 84 1
2377 85 1
2149 86 1
413 87 1
2191 88 1
393 89 1
730 90 1
400 91 1
2505 92 1
414 93 1
966 94 1
425 95 1
1493 96 1
430 97 1
668 98 1
2179 99 1
2362 100 1
909 101 1
2638 102 1
2188 103 1
1122 104 1
2532 105 1
896 106 1
1575 107 1
475 108 1
1140 109 1
1244 110 1
494 111 1
497 112 1
500 113 1
1352 114 1
508 115 1
2104 116 1
521 117 1
522 118 1
949 119 1
528 120 1
2527 121 1
685 122 1
555 123 1
557 124 1
561 125 1
2512 126 1
575 127 1
2354 128 1
1105 129 1
2548 130 1
2549 131 1
1078 132 1
600 133 1
601 134 1
2361 135 1
612 136 1
923 137 1
630 138 1
632 139 1
636 140 1
639 141 1
2420 142 1
648 143 1
658 144 1
1028 145 1
1883 146 1
664 147 1
2606 148 1
674 149 1
679 150 1
680 151 1
777 152 1
707 153 1
2111 154 1
715 155 1
717 156 1
1137 157 1
2060 158 1
2061 159 1
1617 160 1
1374 161 1
750 162 1
1277 163 1
2421 164 1
1612 165 1
769 166 1
772 167 1
785 168 1
1793 169 1
799 170 1
804 171 1
810 172 1
824 173 1
825 174 1
829 175 1
1638 176 1
2595 177 1
1422 178 1
2542 179 1
852 180 1
1246 181 1
2502 182 1
1030 183 1
1397 184 1
865 185 1
988 186 1
874 187 1
2584 188 1
882 189 1
1556 190 1
1832 191 1
912 192 1
916 193 1
919 194 1
925 195 1
926 196 1
2627 197 1
931 198 1
940 199 1
941 200 1
943 201 1
944 202 1
2623 203 1
2167 204 1
2650 205 1
1603 206 1
975 207 1
977 208 1
1458 209 1
983 210 1
987 211 1
2607 212 1
1489 213 1
1302 214 1
2575 215 1
1014 216 1
1018 217 1
1019 218 1
1021 219 1
2568 220 1
2531 221 1
1027 222 1
1466 223 1
1198 224 1
1571 225 1
2587 226 1
2610 227 1
1052 228 1
1057 229 1
1058 230 1
1060 231 1
1066 232 1
1084 233 1
2613 234 1
1633 235 1
2264 236 1
1126 237 1
2254 238 1
1150 239 1
2700 240 1
1164 241 1
2589 242 1
2574 243 1
1188 244 1
1387 245 1
2300 246 1
2533 247 1
1212 248 1
1227 249 1
2611 250 1
1247 251 1
2342 252 1
1261 253 1
2258 254 1
2536 255 1
1491 256 1
1321 257 1
1323 258 1
2032 259 1
2316 260 1
2315 261 1
2605 262 1
1350 263 1
2571 264 1
1391 265 1
1404 266 1
1411 267 1
1436 268 1
1437 269 1
2271 270 1
2272 271 1
1707 272 1
1700 273 1
2273 274 1
2462 275 1
1447 276 1
1449 277 1
1456 278 1
2208 279 1
1485 280 1
1511 281 1
1514 282 1
2234 283 1
2640 284 1
2449 285 1
1539 286 1
1547 287 1
1578 288 1
1591 289 1
1595 290 1
1596 291 1
1601 292 1
2489 293 1
2557 294 1
1615 295 1
1774 296 1
2657 297 1
2658 298 1
2384 299 1
2513 300 1
1686 301 1
2345 302 1
1696 303 1
2253 304 1
1853 305 1
1854 306 1
1860 307 1
1861 308 1
1872 309 1
2322 310 1
2257 311 1
2593 312 1
2550 313 1
2644 314 1
2510 315 1
2404 316 1
2620 317 1
1938 318 1
2621 319 1
1990 320 1
2005 321 1
2007 322 1
2477 323 1
2028 324 1
2098 325 1
2588 326 1
2637 327 1
2142 328 1
2171 329 1
2193 330 1
2511 331 1
2521 332 1
2239 333 1
2337 334 1
2496 335 1
2298 336 1
2552 337 1
2559 338 1
2328 339 1
2397 340 1
2417 341 1
2426 342 1
2428 343 1
2468 344 1
2540 345 1
2632 346 1
2561 347 1
2572 348 1
2696 349 1
2699 350 1
2655 351 1
2672 352 1
2683 353 1
652 354 2
1659 355 2
9 356 2
723 357 2
10 358 2
11 359 2
13 360 2
1315 361 2
2082 362 2
1939 363 2
21 364 2
1043 365 2
2310 366 2
2578 367 2
29 368 2
697 369 2
2343 370 2
2119 371 2
2106 372 2
862 373 2
1965 374 2
1532 375 2
866 376 2
42 377 2
1372 378 2
2400 379 2
46 380 2
47 381 2
2471 382 2
49 383 2
1467 384 2
2053 385 2
54 386 2
2020 387 2
615 388 2
2312 389 2
1322 390 2
2616 391 2
543 392 2
619 393 2
282 394 2
70 395 2
2184 396 2
206 397 2
2691 398 2
72 399 2
1517 400 2
77 401 2
79 402 2
2049 403 2
527 404 2
82 405 2
83 406 2
2581 407 2
2012 408 2
2013 409 2
1658 410 2
1288 411 2
2014 412 2
841 413 2
1087 414 2
884 415 2
2490 416 2
195 417 2
934 418 2
675 419 2
97 420 2
1353 421 2
1521 422 2
100 423 2
2256 424 2
1561 425 2
2210 426 2
1113 427 2
971 428 2
116 429 2
1690 430 2
1029 431 2
2166 432 2
1910 433 2
802 434 2
125 435 2
2363 436 2
1551 437 2
129 438 2
1982 439 2
131 440 2
479 441 2
660 442 2
140 443 2
147 444 2
602 445 2
378 446 2
914 447 2
2525 448 2
1238 449 2
1689 450 2
159 451 2
161 452 2
164 453 2
166 454 2
169 455 2
1994 456 2
170 457 2
1548 458 2
2334 459 2
2682 460 2
2037 461 2
182 462 2
185 463 2
2702 464 2
1319 465 2
188 466 2
1509 467 2
190 468 2
193 469 2
1451 470 2
2424 471 2
1255 472 2
199 473 2
420 474 2
2430 475 2
570 476 2
1345 477 2
205 478 2
1905 479 2
216 480 2
2473 481 2
2474 482 2
781 483 2
2594 484 2
224 485 2
227 486 2
1053 487 2
1217 488 2
551 489 2
234 490 2
2591 491 2
245 492 2
1162 493 2
254 494 2
1211 495 2
1153 496 2
365 497 2
262 498 2
670 499 2
268 500 2
273 501 2
274 502 2
275 503 2
1967 504 2
280 505 2
2244 506 2
1347 507 2
283 508 2
1559 509 2
285 510 2
618 511 2
2038 512 2
294 513 2
2047 514 2
295 515 2
296 516 2
634 517 2
301 518 2
1253 519 2
1172 520 2
305 521 2
1009 522 2
1193 523 2
2087 524 2
2088 525 2
892 526 2
1949 527 2
343 528 2
314 529 2
920 530 2
317 531 2
320 532 2
1597 533 2
325 534 2
2064 535 2
951 536 2
331 537 2
2615 538 2
333 539 2
335 540 2
336 541 2
1934 542 2
813 543 2
340 544 2
613 545 2
342 546 2
2323 547 2
346 548 2
999 549 2
1294 550 2
2453 551 2
1668 552 2
2116 553 2
1259 554 2
360 555 2
1306 556 2
2469 557 2
367 558 2
1545 559 2
2393 560 2
1025 561 2
2435 562 2
672 563 2
678 564 2
384 565 2
396 566 2
1988 567 2
879 568 2
398 569 2
806 570 2
1383 571 2
1275 572 2
410 573 2
1179 574 2
2609 575 2
1843 576 2
818 577 2
1644 578 2
416 579 2
2494 580 2
421 581 2
424 582 2
427 583 2
2043 584 2
2044 585 2
705 586 2
432 587 2
1442 588 2
433 589 2
2408 590 2
1977 591 2
1985 592 2
439 593 2
1455 594 2
1010 595 2
488 596 2
445 597 2
1434 598 2
1280 599 2
450 600 2
2190 601 2
1989 602 2
461 603 2
1305 604 2
1814 605 2
2081 606 2
2547 607 2
2105 608 2
956 609 2
688 610 2
992 611 2
499 612 2
2458 613 2
501 614 2
1918 615 2
1363 616 2
511 617 2
516 618 2
517 619 2
952 620 2
2406 621 2
2057 622 2
803 623 2
531 624 2
532 625 2
1863 626 2
533 627 2
535 628 2
2641 629 2
536 630 2
546 631 2
547 632 2
1937 633 2
1523 634 2
1497 635 2
556 636 2
2585 637 2
1706 638 2
1398 639 2
1361 640 2
566 641 2
631 642 2
1116 643 2
1223 644 2
569 645 2
571 646 2
1792 647 2
590 648 2
1423 649 2
642 650 2
594 651 2
663 652 2
597 653 2
637 654 2
1573 655 2
1100 656 2
599 657 2
605 658 2
2481 659 2
2470 660 2
2443 661 2
617 662 2
886 663 2
624 664 2
1232 665 2
1764 666 2
1430 667 2
1866 668 2
900 669 2
1167 670 2
1900 671 2
1895 672 2
649 673 2
2523 674 2
2456 675 2
673 676 2
1445 677 2
1446 678 2
682 679 2
683 680 2
684 681 2
686 682 2
691 683 2
2108 684 2
694 685 2
2062 686 2
993 687 2
1637 688 2
2101 689 2
822 690 2
709 691 2
1285 692 2
2409 693 2
2261 694 2
727 695 2
2301 696 2
2302 697 2
759 698 2
1817 699 2
1631 700 2
1011 701 2
1088 702 2
753 703 2
2459 704 2
2460 705 2
761 706 2
762 707 2
2314 708 2
770 709 2
908 710 2
773 711 2
2402 712 2
784 713 2
789 714 2
2592 715 2
1590 716 2
1381 717 2
820 718 2
811 719 2
855 720 2
1831 721 2
2528 722 2
1816 723 2
2036 724 2
1678 725 2
1130 726 2
2403 727 2
840 728 2
847 729 2
2422 730 2
1993 731 2
2278 732 2
856 733 2
1390 734 2
858 735 2
2653 736 2
1252 737 2
1440 738 2
2313 739 2
880 740 2
881 741 2
1155 742 2
1400 743 2
890 744 2
1845 745 2
1187 746 2
1858 747 2
1055 748 2
2031 749 2
907 750 2
1893 751 2
2134 752 2
922 753 2
1406 754 2
1222 755 2
1326 756 2
929 757 2
2517 758 2
942 759 2
946 760 2
2677 761 2
1141 762 2
2019 763 2
1142 764 2
976 765 2
1431 766 2
978 767 2
981 768 2
1175 769 2
1004 770 2
1922 771 2
1425 772 2
2262 773 2
2378 774 2
1168 775 2
1963 776 2
1125 777 2
2563 778 2
1230 779 2
1081 780 2
1342 781 2
2211 782 2
1075 783 2
1082 784 2
1123 785 2
1480 786 2
1886 787 2
1887 788 2
1760 789 2
1114 790 2
2499 791 2
2128 792 2
1930 793 2
2554 794 2
2294 795 2
1144 796 2
1506 797 2
1747 798 2
1151 799 2
2416 800 2
2514 801 2
1163 802 2
1166 803 2
1855 804 2
1355 805 2
1295 806 2
1184 807 2
1992 808 2
1186 809 2
2535 810 2
1621 811 2
1197 812 2
2414 813 2
1206 814 2
2152 815 2
1587 816 2
1225 817 2
2441 818 2
1384 819 2
2577 820 2
2656 821 2
1260 822 2
1270 823 2
2612 824 2
1289 825 2
2684 826 2
1324 827 2
1576 828 2
1943 829 2
1357 830 2
2170 831 2
1562 832 2
1516 833 2
1646 834 2
1565 835 2
1730 836 2
1744 837 2
1492 838 2
1471 839 2
1379 840 2
2267 841 2
2698 842 2
2218 843 2
1923 844 2
1424 845 2
1813 846 2
2663 847 2
1453 848 2
1459 849 2
1461 850 2
1611 851 2
1465 852 2
2601 853 2
1515 854 2
2680 855 2
2338 856 2
2340 857 2
1564 858 2
2541 859 2
2050 860 2
1767 861 2
1783 862 2
2196 863 2
2398 864 2
1680 865 2
2318 866 2
2320 867 2
2321 868 2
1684 869 2
1852 870 2
1859 871 2
1876 872 2
1877 873 2
2389 874 2
2299 875 2
1811 876 2
1822 877 2
2573 878 2
1890 879 2
1897 880 2
2284 881 2
1915 882 2
2649 883 2
2475 884 2
2630 885 2
1991 886 2
2467 887 2
2042 888 2
2311 889 2
2331 890 2
2231 891 2
2292 892 2
2242 893 2
2245 894 2
2368 895 2
2369 896 2
2452 897 2
2689 898 2
0 899 3
633 900 3
2582 901 3
1 902 3
5 903 3
1629 904 3
373 905 3
8 906 3
1632 907 3
927 908 3
1786 909 3
1560 910 3
2011 911 3
2317 912 3
286 913 3
2121 914 3
35 915 3
1640 916 3
37 917 3
2427 918 3
1190 919 3
60 920 3
1522 921 3
40 922 3
87 923 3
2303 924 3
1219 925 3
2366 926 3
2205 927 3
1031 928 3
714 929 3
2206 930 3
2214 931 3
2213 932 3
1392 933 3
53 934 3
787 935 3
412 936 3
1715 937 3
2651 938 3
64 939 3
1209 940 3
1293 941 3
67 942 3
68 943 3
71 944 3
76 945 3
659 946 3
78 947 3
1329 948 3
80 949 3
1138 950 3
85 951 3
2164 952 3
130 953 3
1394 954 3
1494 955 3
300 956 3
1847 957 3
2015 958 3
1585 959 3
330 960 3
2380 961 3
2151 962 3
1495 963 3
950 964 3
2355 965 3
2263 966 3
2200 967 3
2201 968 3
334 969 3
2183 970 3
101 971 3
1589 972 3
1878 973 3
1790 974 3
864 975 3
289 976 3
2093 977 3
176 978 3
2279 979 3
113 980 3
114 981 3
2288 982 3
388 983 3
2030 984 3
446 985 3
2165 986 3
554 987 3
1549 988 3
1537 989 3
2251 990 3
2252 991 3
2079 992 3
135 993 3
2504 994 3
138 995 3
141 996 3
740 997 3
143 998 3
1468 999 3
1976 1000 3
381 1001 3
150 1002 3
1942 1003 3
1339 1004 3
326 1005 3
1752 1006 3
1753 1007 3
1667 1008 3
1268 1009 3
171 1010 3
775 1011 3
1033 1012 3
1586 1013 3
629 1014 3
955 1015 3
2135 1016 3
1639 1017 3
726 1018 3
179 1019 3
197 1020 3
791 1021 3
183 1022 3
997 1023 3
1228 1024 3
1727 1025 3
564 1026 3
382 1027 3
196 1028 3
2412 1029 3
1173 1030 3
1614 1031 3
1290 1032 3
215 1033 3
217 1034 3
2091 1035 3
219 1036 3
220 1037 3
376 1038 3
223 1039 3
848 1040 3
2118 1041 3
387 1042 3
1376 1043 3
2647 1044 3
2648 1045 3
248 1046 3
1264 1047 3
249 1048 3
253 1049 3
1266 1050 3
263 1051 3
844 1052 3
2229 1053 3
267 1054 3
321 1055 3
2543 1056 3
1970 1057 3
2498 1058 3
846 1059 3
749 1060 3
276 1061 3
1695 1062 3
502 1063 3
746 1064 3
1722 1065 3
328 1066 3
298 1067 3
607 1068 3
2386 1069 3
303 1070 3
1857 1071 3
655 1072 3
2084 1073 3
1656 1074 3
958 1075 3
1584 1076 3
1771 1077 3
1651 1078 3
1490 1079 3
329 1080 3
2089 1081 3
1802 1082 3
656 1083 3
2048 1084 3
309 1085 3
1241 1086 3
352 1087 3
990 1088 3
1948 1089 3
1815 1090 3
1581 1091 3
1331 1092 3
1865 1093 3
312 1094 3
2296 1095 3
1921 1096 3
2232 1097 3
1073 1098 3
1297 1099 3
845 1100 3
1205 1101 3
1450 1102 3
2022 1103 3
324 1104 3
928 1105 3
2480 1106 3
338 1107 3
1389 1108 3
349 1109 3
2507 1110 3
354 1111 3
2652 1112 3
359 1113 3
1606 1114 3
1366 1115 3
1194 1116 3
720 1117 3
1265 1118 3
386 1119 3
2115 1120 3
2497 1121 3
493 1122 3
1619 1123 3
1063 1124 3
1064 1125 3
395 1126 3
776 1127 3
1932 1128 3
1037 1129 3
2654 1130 3
676 1131 3
593 1132 3
523 1133 3
1524 1134 3
435 1135 3
878 1136 3
1039 1137 3
1332 1138 3
1981 1139 3
1642 1140 3
828 1141 3
903 1142 3
1569 1143 3
451 1144 3
1258 1145 3
453 1146 3
1806 1147 3
1917 1148 3
455 1149 3
2486 1150 3
667 1151 3
2347 1152 3
1201 1153 3
1953 1154 3
1276 1155 3
460 1156 3
1403 1157 3
467 1158 3
468 1159 3
469 1160 3
620 1161 3
471 1162 3
559 1163 3
2029 1164 3
2219 1165 3
1800 1166 3
478 1167 3
2372 1168 3
1426 1169 3
2307 1170 3
1699 1171 3
839 1172 3
489 1173 3
2678 1174 3
2673 1175 3
496 1176 3
503 1177 3
504 1178 3
2396 1179 3
1180 1180 3
1304 1181 3
1931 1182 3
2508 1183 3
2325 1184 3
509 1185 3
510 1186 3
513 1187 3
1314 1188 3
2465 1189 3
1373 1190 3
1574 1191 3
1540 1192 3
529 1193 3
1419 1194 3
2260 1195 3
530 1196 3
933 1197 3
2392 1198 3
539 1199 3
984 1200 3
2138 1201 3
1513 1202 3
568 1203 3
1570 1204 3
572 1205 3
2407 1206 3
574 1207 3
2283 1208 3
2348 1209 3
1518 1210 3
870 1211 3
906 1212 3
2352 1213 3
2353 1214 3
1974 1215 3
579 1216 3
1808 1217 3
1134 1218 3
1017 1219 3
595 1220 3
1104 1221 3
1299 1222 3
968 1223 3
1823 1224 3
1875 1225 3
1248 1226 3
795 1227 3
1213 1228 3
2447 1229 3
2287 1230 3
2235 1231 3
614 1232 3
888 1233 3
938 1234 3
2556 1235 3
2558 1236 3
2233 1237 3
1641 1238 3
924 1239 3
894 1240 3
765 1241 3
1267 1242 3
891 1243 3
1457 1244 3
1486 1245 3
1685 1246 3
2023 1247 3
1254 1248 3
2522 1249 3
830 1250 3
1885 1251 3
2364 1252 3
669 1253 3
1124 1254 3
1292 1255 3
763 1256 3
1478 1257 3
2516 1258 3
2319 1259 3
699 1260 3
1368 1261 3
2069 1262 3
2070 1263 3
703 1264 3
1961 1265 3
712 1266 3
850 1267 3
1385 1268 3
2500 1269 3
724 1270 3
1386 1271 3
1159 1272 3
2035 1273 3
1192 1274 3
2008 1275 3
2277 1276 3
1006 1277 3
1237 1278 3
1630 1279 3
742 1280 3
1239 1281 3
2006 1282 3
1550 1283 3
1145 1284 3
752 1285 3
754 1286 3
755 1287 3
757 1288 3
768 1289 3
1061 1290 3
960 1291 3
1833 1292 3
1068 1293 3
2382 1294 3
1733 1295 3
837 1296 3
2670 1297 3
853 1298 3
860 1299 3
2330 1300 3
2068 1301 3
1341 1302 3
2276 1303 3
1844 1304 3
872 1305 3
2608 1306 3
1674 1307 3
2073 1308 3
902 1309 3
1312 1310 3
1916 1311 3
2415 1312 3
918 1313 3
2065 1314 3
921 1315 3
2293 1316 3
1433 1317 3
937 1318 3
1924 1319 3
1757 1320 3
2599 1321 3
1809 1322 3
2579 1323 3
2153 1324 3
2207 1325 3
1091 1326 3
2265 1327 3
995 1328 3
1840 1329 3
1625 1330 3
1788 1331 3
1452 1332 3
1962 1333 3
1023 1334 3
1243 1335 3
1047 1336 3
1925 1337 3
2051 1338 3
2333 1339 3
1588 1340 3
1380 1341 3
1099 1342 3
1605 1343 3
1074 1344 3
1092 1345 3
1106 1346 3
1369 1347 3
2067 1348 3
1607 1349 3
1242 1350 3
1207 1351 3
1888 1352 3
1748 1353 3
2379 1354 3
2674 1355 3
2675 1356 3
2560 1357 3
1663 1358 3
2332 1359 3
1128 1360 3
2275 1361 3
2281 1362 3
2371 1363 3
2350 1364 3
2590 1365 3
1460 1366 3
1191 1367 3
1200 1368 3
2524 1369 3
1330 1370 3
1660 1371 3
1291 1372 3
1308 1373 3
2237 1374 3
1679 1375 3
1249 1376 3
1278 1377 3
1746 1378 3
1283 1379 3
2102 1380 3
2103 1381 3
1338 1382 3
1335 1383 3
1997 1384 3
1362 1385 3
1972 1386 3
1712 1387 3
1726 1388 3
1755 1389 3
1766 1390 3
1904 1391 3
2491 1392 3
2274 1393 3
2137 1394 3
2072 1395 3
1508 1396 3
1420 1397 3
1429 1398 3
2520 1399 3
1435 1400 3
1688 1401 3
2131 1402 3
2346 1403 3
2286 1404 3
1892 1405 3
1819 1406 3
1609 1407 3
1768 1408 3
2381 1409 3
1968 1410 3
2576 1411 3
1820 1412 3
1867 1413 3
1971 1414 3
1969 1415 3
2413 1416 3
1796 1417 3
2297 1418 3
1891 1419 3
2039 1420 3
2204 1421 3
2002 1422 3
2370 1423 3
1862 1424 4
2546 1425 4
6 1426 4
158 1427 4
15 1428 4
16 1429 4
2642 1430 4
1316 1431 4
2145 1432 4
2375 1433 4
1234 1434 4
2139 1435 4
2141 1436 4
25 1437 4
27 1438 4
2360 1439 4
1687 1440 4
2645 1441 4
32 1442 4
518 1443 4
1850 1444 4
588 1445 4
2040 1446 4
1913 1447 4
1146 1448 4
2107 1449 4
38 1450 4
1349 1451 4
41 1452 4
152 1453 4
1604 1454 4
2041 1455 4
1662 1456 4
710 1457 4
2215 1458 4
457 1459 4
1139 1460 4
767 1461 4
1983 1462 4
1156 1463 4
771 1464 4
1079 1465 4
56 1466 4
447 1467 4
1627 1468 4
1287 1469 4
105 1470 4
485 1471 4
2419 1472 4
391 1473 4
449 1474 4
1136 1475 4
1751 1476 4
1118 1477 4
2052 1478 4
1803 1479 4
2097 1480 4
257 1481 4
1117 1482 4
81 1483 4
347 1484 4
1520 1485 4
86 1486 4
842 1487 4
2010 1488 4
1713 1489 4
696 1490 4
851 1491 4
1741 1492 4
2463 1493 4
1157 1494 4
90 1495 4
93 1496 4
1838 1497 4
861 1498 4
2074 1499 4
1871 1500 4
104 1501 4
107 1502 4
1650 1503 4
1769 1504 4
459 1505 4
318 1506 4
1337 1507 4
1346 1508 4
1661 1509 4
758 1510 4
1762 1511 4
112 1512 4
747 1513 4
255 1514 4
483 1515 4
980 1516 4
589 1517 4
1622 1518 4
128 1519 4
701 1520 4
834 1521 4
452 1522 4
406 1523 4
137 1524 4
1780 1525 4
582 1526 4
149 1527 4
151 1528 4
2236 1529 4
1444 1530 4
1568 1531 4
1754 1532 4
1736 1533 4
157 1534 4
1870 1535 4
2493 1536 4
2308 1537 4
2000 1538 4
165 1539 4
1473 1540 4
2706 1541 4
2707 1542 4
2187 1543 4
173 1544 4
174 1545 4
177 1546 4
2004 1547 4
181 1548 4
1683 1549 4
1837 1550 4
2580 1551 4
1536 1552 4
189 1553 4
1791 1554 4
473 1555 4
202 1556 4
353 1557 4
1348 1558 4
744 1559 4
883 1560 4
534 1561 4
229 1562 4
1405 1563 4
549 1564 4
1868 1565 4
1864 1566 4
1572 1567 4
2078 1568 4
2539 1569 4
1828 1570 4
1759 1571 4
242 1572 4
244 1573 4
246 1574 4
1531 1575 4
621 1576 4
1933 1577 4
252 1578 4
261 1579 4
1479 1580 4
264 1581 4
266 1582 4
578 1583 4
1195 1584 4
1215 1585 4
805 1586 4
2344 1587 4
666 1588 4
2423 1589 4
304 1590 4
1000 1591 4
2250 1592 4
1999 1593 4
1177 1594 4
2685 1595 4
899 1596 4
1484 1597 4
2143 1598 4
542 1599 4
1770 1600 4
2086 1601 4
1799 1602 4
2090 1603 4
383 1604 4
1947 1605 4
1272 1606 4
1946 1607 4
311 1608 4
348 1609 4
1083 1610 4
827 1611 4
2156 1612 4
337 1613 4
1499 1614 4
1512 1615 4
357 1616 4
366 1617 4
1414 1618 4
1553 1619 4
1354 1620 4
372 1621 4
626 1622 4
375 1623 4
2401 1624 4
377 1625 4
1898 1626 4
1704 1627 4
1077 1628 4
905 1629 4
1825 1630 4
849 1631 4
397 1632 4
2177 1633 4
1089 1634 4
1940 1635 4
464 1636 4
405 1637 4
407 1638 4
409 1639 4
411 1640 4
1488 1641 4
1669 1642 4
486 1643 4
671 1644 4
627 1645 4
443 1646 4
2289 1647 4
448 1648 4
2285 1649 4
1664 1650 4
1555 1651 4
463 1652 4
2445 1653 4
2304 1654 4
1311 1655 4
1182 1656 4
1880 1657 4
481 1658 4
2230 1659 4
2026 1660 4
2391 1661 4
1879 1662 4
826 1663 4
2099 1664 4
1533 1665 4
2457 1666 4
843 1667 4
506 1668 4
2148 1669 4
552 1670 4
526 1671 4
1216 1672 4
1007 1673 4
1896 1674 4
1608 1675 4
2127 1676 4
1995 1677 4
1127 1678 4
562 1679 4
1038 1680 4
643 1681 4
994 1682 4
1218 1683 4
1474 1684 4
2195 1685 4
716 1686 4
616 1687 4
622 1688 4
1951 1689 4
628 1690 4
808 1691 4
1557 1692 4
2440 1693 4
807 1694 4
1086 1695 4
681 1696 4
948 1697 4
2327 1698 4
801 1699 4
708 1700 4
2212 1701 4
1567 1702 4
731 1703 4
1279 1704 4
1062 1705 4
1818 1706 4
2202 1707 4
1543 1708 4
2136 1709 4
2033 1710 4
1333 1711 4
1635 1712 4
764 1713 4
796 1714 4
793 1715 4
1645 1716 4
800 1717 4
798 1718 4
1794 1719 4
961 1720 4
2100 1721 4
1226 1722 4
1956 1723 4
814 1724 4
2495 1725 4
835 1726 4
1654 1727 4
965 1728 4
2339 1729 4
1427 1730 4
1049 1731 4
2439 1732 4
1340 1733 4
2326 1734 4
1830 1735 4
1410 1736 4
1152 1737 4
915 1738 4
1026 1739 4
1098 1740 4
2027 1741 4
945 1742 4
1911 1743 4
1665 1744 4
972 1745 4
1281 1746 4
1503 1747 4
1149 1748 4
989 1749 4
2436 1750 4
1008 1751 4
1675 1752 4
1040 1753 4
2055 1754 4
1510 1755 4
1432 1756 4
1320 1757 4
1071 1758 4
1085 1759 4
2110 1760 4
2066 1761 4
1477 1762 4
1718 1763 4
1109 1764 4
1110 1765 4
2129 1766 4
1717 1767 4
1235 1768 4
1462 1769 4
1697 1770 4
1500 1771 4
1133 1772 4
2185 1773 4
1148 1774 4
1714 1775 4
2132 1776 4
1719 1777 4
1720 1778 4
1734 1779 4
1178 1780 4
1716 1781 4
1502 1782 4
1525 1783 4
2154 1784 4
1749 1785 4
1929 1786 4
2324 1787 4
1987 1788 4
1960 1789 4
1365 1790 4
2519 1791 4
2266 1792 4
1827 1793 4
2259 1794 4
1498 1795 4
1487 1796 4
2596 1797 4
2246 1798 4
2 1799 5
332 1800 5
4 1801 5
1016 1802 5
2175 1803 5
1996 1804 5
269 1805 5
2614 1806 5
476 1807 5
14 1808 5
2668 1809 5
1271 1810 5
970 1811 5
17 1812 5
2140 1813 5
18 1814 5
20 1815 5
22 1816 5
1636 1817 5
1344 1818 5
2162 1819 5
738 1820 5
911 1821 5
2120 1822 5
698 1823 5
895 1824 5
1781 1825 5
1552 1826 5
863 1827 5
2357 1828 5
2399 1829 5
1653 1830 5
1530 1831 5
1579 1832 5
52 1833 5
2172 1834 5
2021 1835 5
323 1836 5
61 1837 5
540 1838 5
604 1839 5
797 1840 5
558 1841 5
1723 1842 5
1189 1843 5
586 1844 5
2180 1845 5
423 1846 5
2295 1847 5
1677 1848 5
1882 1849 5
1732 1850 5
162 1851 5
2016 1852 5
2017 1853 5
1401 1854 5
1046 1855 5
1303 1856 5
693 1857 5
2217 1858 5
1448 1859 5
1251 1860 5
608 1861 5
1775 1862 5
124 1863 5
1045 1864 5
1785 1865 5
1789 1866 5
1805 1867 5
563 1868 5
2095 1869 5
110 1870 5
2492 1871 5
1959 1872 5
120 1873 5
514 1874 5
370 1875 5
2169 1876 5
132 1877 5
1670 1878 5
1777 1879 5
399 1880 5
1784 1881 5
142 1882 5
146 1883 5
148 1884 5
819 1885 5
1763 1886 5
277 1887 5
2009 1888 5
211 1889 5
271 1890 5
790 1891 5
172 1892 5
240 1893 5
512 1894 5
2679 1895 5
1807 1896 5
1020 1897 5
2076 1898 5
1359 1899 5
2003 1900 5
297 1901 5
194 1902 5
2564 1903 5
1250 1904 5
203 1905 5
857 1906 5
2681 1907 5
1906 1908 5
356 1909 5
2194 1910 5
243 1911 5
1382 1912 5
792 1913 5
228 1914 5
230 1915 5
232 1916 5
869 1917 5
2046 1918 5
887 1919 5
1472 1920 5
2280 1921 5
936 1922 5
2515 1923 5
1964 1924 5
1978 1925 5
812 1926 5
732 1927 5
809 1928 5
270 1929 5
290 1930 5
1176 1931 5
299 1932 5
302 1933 5
719 1934 5
573 1935 5
1797 1936 5
2085 1937 5
1856 1938 5
1245 1939 5
417 1940 5
1804 1941 5
308 1942 5
875 1943 5
315 1944 5
766 1945 5
1821 1946 5
327 1947 5
2063 1948 5
665 1949 5
584 1950 5
341 1951 5
1546 1952 5
344 1953 5
465 1954 5
1409 1955 5
1003 1956 5
428 1957 5
1408 1958 5
1415 1959 5
1834 1960 5
1710 1961 5
1101 1962 5
2434 1963 5
2538 1964 5
2114 1965 5
1899 1966 5
394 1967 5
1096 1968 5
1936 1969 5
1841 1970 5
2466 1971 5
1528 1972 5
1618 1973 5
794 1974 5
434 1975 5
1693 1976 5
1979 1977 5
1980 1978 5
437 1979 5
718 1980 5
1984 1981 5
725 1982 5
2290 1983 5
935 1984 5
2306 1985 5
466 1986 5
1738 1987 5
647 1988 5
1313 1989 5
470 1990 5
1097 1991 5
823 1992 5
1812 1993 5
859 1994 5
2390 1995 5
1652 1996 5
576 1997 5
1941 1998 5
1102 1999 5
524 2000 5
548 2001 5
1129 2002 5
591 2003 5
1107 2004 5
1873 2005 5
2534 2006 5
2448 2007 5
1475 2008 5
2358 2009 5
783 2010 5
1598 2011 5
728 2012 5
2442 2013 5
871 2014 5
1729 2015 5
1881 2016 5
729 2017 5
2356 2018 5
689 2019 5
1012 2020 5
969 2021 5
1412 2022 5
706 2023 5
722 2024 5
2501 2025 5
2395 2026 5
2570 2027 5
2553 2028 5
1221 2029 5
2203 2030 5
751 2031 5
741 2032 5
1204 2033 5
2198 2034 5
2186 2035 5
985 2036 5
1566 2037 5
1724 2038 5
778 2039 5
1592 2040 5
788 2041 5
2555 2042 5
889 2043 5
1307 2044 5
1935 2045 5
1534 2046 5
1829 2047 5
1196 2048 5
1482 2049 5
1728 2050 5
982 2051 5
1120 2052 5
1846 2053 5
1481 2054 5
1801 2055 5
2336 2056 5
2163 2057 5
1676 2058 5
2243 2059 5
1111 2060 5
2125 2061 5
2220 2062 5
1402 2063 5
1731 2064 5
1202 2065 5
1334 2066 5
2425 2067 5
1928 2068 5
1709 2069 5
1711 2070 5
2509 2071 5
1377 2072 5
1399 2073 5
1666 2074 6
1839 2075 6
2077 2076 6
1093 2077 6
2444 2078 6
2270 2079 6
1301 2080 6
606 2081 6
30 2082 6
1051 2083 6
2094 2084 6
1160 2085 6
1634 2086 6
644 2087 6
596 2088 6
43 2089 6
45 2090 6
2667 2091 6
51 2092 6
401 2093 6
815 2094 6
2418 2095 6
1737 2096 6
1920 2097 6
2189 2098 6
876 2099 6
1214 2100 6
498 2101 6
743 2102 6
1174 2103 6
1094 2104 6
156 2105 6
91 2106 6
2123 2107 6
1535 2108 6
2197 2109 6
1580 2110 6
103 2111 6
541 2112 6
1787 2113 6
1779 2114 6
153 2115 6
1262 2116 6
1599 2117 6
111 2118 6
1884 2119 6
581 2120 6
1507 2121 6
2112 2122 6
1851 2123 6
119 2124 6
379 2125 6
1901 2126 6
458 2127 6
126 2128 6
392 2129 6
2144 2130 6
2329 2131 6
910 2132 6
623 2133 6
1002 2134 6
2059 2135 6
2388 2136 6
186 2137 6
191 2138 6
2472 2139 6
1671 2140 6
1909 2141 6
1095 2142 6
838 2143 6
2485 2144 6
1388 2145 6
964 2146 6
1240 2147 6
873 2148 6
2227 2149 6
2387 2150 6
1325 2151 6
2305 2152 6
2268 2153 6
1944 2154 6
1945 2155 6
408 2156 6
1620 2157 6
1756 2158 6
996 2159 6
2249 2160 6
2147 2161 6
2351 2162 6
640 2163 6
2503 2164 6
438 2165 6
440 2166 6
515 2167 6
1758 2168 6
1708 2169 6
1183 2170 6
2024 2171 6
480 2172 6
1773 2173 6
2241 2174 6
979 2175 6
760 2176 6
2109 2177 6
1041 2178 6
893 2179 6
1395 2180 6
2113 2181 6
1874 2182 6
901 2183 6
1919 2184 6
1143 2185 6
1795 2186 6
1470 2187 6
2228 2188 6
2282 2189 6
2221 2190 6
1121 2191 6
2096 2192 6
1199 2193 6
2530 2194 6
877 2195 6
2597 2196 6
998 2197 6
1957 2198 6
1054 2199 6
1750 2200 6
1396 2201 6
1761 2202 7
1090 2203 7
24 2204 7
2269 2205 7
39 2206 7
201 2207 7
175 2208 7
651 2209 7
1849 2210 7
1067 2211 7
1080 2212 7
69 2213 7
1926 2214 7
1745 2215 7
1035 2216 7
2018 2217 7
2178 2218 7
603 2219 7
1065 2220 7
1908 2221 7
737 2222 7
258 2223 7
155 2224 7
484 2225 7
2476 2226 7
610 2227 7
567 2228 7
1501 2229 7
1343 2230 7
2405 2231 7
816 2232 7
121 2233 7
904 2234 7
831 2235 7
1519 2236 7
2518 2237 7
2240 2238 7
160 2239 7
2385 2240 7
854 2241 7
1115 2242 7
1610 2243 7
251 2244 7
638 2245 7
374 2246 7
1463 2247 7
2133 2248 7
1185 2249 7
2247 2250 7
1705 2251 7
1848 2252 7
1778 2253 7
368 2254 7
371 2255 7
2146 2256 7
1203 2257 7
2365 2258 7
739 2259 7
1147 2260 7
402 2261 7
403 2262 7
1577 2263 7
2216 2264 7
885 2265 7
492 2266 7
1417 2267 7
650 2268 7
1070 2269 7
1958 2270 7
1469 2271 7
1284 2272 7
2376 2273 7
1526 2274 7
962 2275 7
1135 2276 7
1421 2277 7
1529 2278 7
2124 2279 7
2349 2280 7
1428 2281 7
1975 2282 7
2176 2283 8
1256 2284 8
281 2285 8
2075 2286 8
139 2287 8
1296 2288 8
36 2289 8
609 2290 8
580 2291 8
1527 2292 8
544 2293 8
1336 2294 8
817 2295 8
2181 2296 8
2056 2297 8
102 2298 8
1721 2299 8
1772 2300 8
1998 2301 8
426 2302 8
1538 2303 8
1022 2304 8
897 2305 8
1907 2306 8
745 2307 8
553 2308 8
442 2309 8
2309 2310 8
1826 2311 8
472 2312 8
1798 2313 8
1782 2314 8
389 2315 8
1824 2316 8
2117 2317 8
704 2318 8
444 2319 8
836 2320 8
1360 2321 8
1735 2322 8
2446 2323 8
1955 2324 8
1282 2325 8
779 2326 8
1903 2327 8
1273 2328 8
2071 2329 8
1269 2330 8
957 2331 8
1443 2332 8
1370 2333 8
1558 2334 8
2168 2335 8
868 2336 8
2126 2337 8
33 2338 9
48 2339 9
1739 2340 9
1616 2341 9
74 2342 9
2054 2343 9
133 2344 9
1158 2345 9
2335 2346 9
231 2347 9
833 2348 9
1464 2349 9
482 2350 9
1300 2351 9
711 2352 9
2291 2353 9
1743 2354 9
1681 2355 9
695 2356 9
1889 2357 9
490 2358 9
1954 2359 9
867 2360 9
735 2361 9
702 2362 9
1602 2363 10
1702 2364 10
210 2365 10
59 2366 10
65 2367 10
1351 2368 10
89 2369 10
2122 2370 10
2199 2371 10
736 2372 10
456 2373 10
2080 2374 10
1842 2375 10
1367 2376 10
316 2377 10
180 2378 10
1050 2379 10
1869 2380 10
1902 2381 10
2383 2382 10
1583 2383 10
2083 2384 10
1682 2385 10
1912 2386 10
1171 2387 10
1952 2388 10
2238 2389 11
441 2390 11
94 2391 11
236 2392 11
454 2393 11
364 2394 11
756 2395 11
218 2396 11
1154 2397 11
2451 2398 11
748 2399 11
2359 2400 11
505 2401 11
1317 2402 11
1655 2403 12
279 2404 12
55 2405 12
73 2406 12
1966 2407 12
734 2408 12
519 2409 12
487 2410 12
1776 2411 12
2025 2412 12
154 2413 12
577 2414 12
565 2415 12
657 2416 12
2450 2417 12
2130 2418 12
2464 2419 12
645 2420 12
1505 2421 13
239 2422 13
1927 2423 13
1015 2424 13
1119 2425 13
2367 2426 14
1894 2427 14
1740 2428 14
350 2429 14
2248 2430 14
2671 2431 14
1973 2432 15
525 2433 15
687 2434 15
1742 2435 15
1950 2436 15
1229 2437 15
429 2438 16
1725 2439 16
1309 2440 16
2394 2441 16
2001 2442 16
661 2443 16
1257 2444 16
1703 2445 17
1103 2446 17
1628 2447 17
2155 2448 17
1624 2449 17
973 2450 17
310 2451 17
1765 2452 17
1416 2453 18
507 2454 18
436 2455 18
963 2456 19
2182 2457 19
118 2458 19
1692 2459 19
1413 2460 19
415 2461 21
95 2462 21
1131 2463 21
1483 2464 22
1042 2465 23
1441 2466 23
1169 2467 23
1224 2468 26
733 2469 29
1072 2470 30
1542 2471 30
1914 2472 31
109 2473 32
2045 2474 32
598 2475 33
1013 2476 34
88 2477 36
2034 2478 40
1623 2479 42
1810 2480 44
1986 2481 65
1701 2482 74
306 2483 78
1358 2484 168
