654 0
1454 1
3 2
2544 3
7 4
208 5
2545 6
19 7
2374 8
23 9
28 10
31 11
1594 12
34 13
1364 14
1582 15
163 16
50 17
57 18
58 19
62 20
63 21
66 22
2631 23
2628 24
1418 25
2487 26
2488 27
550 28
1649 29
96 30
98 31
106 32
2461 33
2092 34
1161 35
2643 36
2506 37
115 38
1076 39
646 40
2478 41
127 42
233 43
134 44
136 45
2622 46
2617 47
178 48
184 49
520 50
1672 51
187 52
1208 53
491 54
192 55
2646 56
198 57
204 58
207 59
209 60
1626 61
212 62
214 63
913 64
221 65
222 66
821 67
225 68
2255 69
226 70
322 71
235 72
237 73
238 74
1274 75
1069 76
1220 77
241 78
782 79
247 80
2583 81
250 82
2429 83
256 84
260 85
265 86
2373 87
418 88
2551 89
272 90
278 91
287 92
2705 93
288 94
291 95
292 96
293 97
307 98
991 99
690 100
1132 101
313 102
319 103
2598 104
1694 105
339 106
345 107
1643 108
419 109
351 110
355 111
358 112
361 113
362 114
363 115
2377 116
2149 117
413 118
2191 119
390 120
1108 121
393 122
730 123
400 124
2505 125
414 126
966 127
422 128
545 129
425 130
1493 131
430 132
668 133
2179 134
2362 135
909 136
2638 137
2188 138
1122 139
2532 140
462 141
1048 142
896 143
1575 144
474 145
1181 146
475 147
1140 148
1244 149
494 150
497 151
500 152
1352 153
508 154
2104 155
521 156
522 157
949 158
528 159
538 160
1286 161
2527 162
685 163
555 164
557 165
774 166
561 167
2512 168
575 169
2354 170
1105 171
2548 172
2549 173
585 174
587 175
1032 176
1078 177
592 178
2669 179
600 180
601 181
2361 182
611 183
2690 184
612 185
923 186
625 187
1024 188
630 189
632 190
635 191
636 192
639 193
2420 194
641 195
2704 196
648 197
653 198
1231 199
658 200
1028 201
1883 202
662 203
932 204
664 205
2606 206
674 207
677 208
679 209
680 210
692 211
2629 212
700 213
1691 214
777 215
707 216
2111 217
713 218
1044 219
715 220
717 221
721 222
1034 223
1137 224
2060 225
2061 226
1617 227
1374 228
750 229
1277 230
2421 231
1612 232
769 233
772 234
780 235
2341 236
785 237
786 238
947 239
1793 240
799 241
804 242
810 243
824 244
825 245
829 246
1638 247
832 248
2600 249
2595 250
1422 251
2542 252
852 253
1246 254
2502 255
1030 256
1397 257
865 258
988 259
874 260
2584 261
882 262
1556 263
1832 264
912 265
916 266
917 267
2639 268
919 269
925 270
926 271
2627 272
931 273
939 274
940 275
941 276
943 277
944 278
2623 279
1112 280
2167 281
959 282
2529 283
2650 284
967 285
2659 286
1603 287
974 288
1496 289
975 290
977 291
1458 292
983 293
986 294
2697 295
987 296
2607 297
1489 298
1005 299
1541 300
1302 301
2575 302
1014 303
1018 304
1019 305
1021 306
2568 307
2531 308
1027 309
1036 310
1466 311
1198 312
1571 313
2587 314
2610 315
1052 316
1057 317
1058 318
1059 319
1600 320
1060 321
1066 322
1084 323
2613 324
1633 325
2264 326
1126 327
2254 328
1150 329
2700 330
1164 331
2589 332
2574 333
1188 334
1387 335
2300 336
2533 337
1210 338
1648 339
1212 340
1227 341
1233 342
2433 343
1236 344
2479 345
2611 346
1247 347
2342 348
1261 349
1263 350
1407 351
2258 352
1298 353
2703 354
2536 355
1310 356
2692 357
1491 358
1321 359
1323 360
2032 361
2316 362
2315 363
2605 364
1350 365
1356 366
1613 367
1371 368
1393 369
1375 370
2586 371
1544 372
2571 373
1391 374
1404 375
1411 376
1436 377
1437 378
1438 379
2664 380
2271 381
2272 382
1707 383
1700 384
2273 385
2462 386
1447 387
1449 388
1456 389
2208 390
1485 391
1511 392
1514 393
2234 394
2640 395
2449 396
1539 397
1547 398
1563 399
2633 400
1578 401
1591 402
1595 403
1596 404
1601 405
2489 406
2557 407
1615 408
1774 409
2657 410
2658 411
2384 412
1673 413
2660 414
2513 415
1686 416
2345 417
1696 418
2253 419
1853 420
1854 421
1860 422
1861 423
1872 424
2322 425
2257 426
2593 427
2550 428
2644 429
2510 430
2404 431
2620 432
1938 433
2621 434
1990 435
2005 436
2007 437
2477 438
2028 439
2098 440
2588 441
2637 442
2142 443
2158 444
2171 445
2174 446
2193 447
2511 448
2521 449
2239 450
2337 451
2496 452
2298 453
2552 454
2559 455
2328 456
2397 457
2410 458
2411 459
2417 460
2426 461
2428 462
2431 463
2432 464
2468 465
2540 466
2632 467
2561 468
2572 469
2602 470
2603 471
2696 472
2618 473
2619 474
2625 475
2626 476
2699 477
2635 478
2693 479
2655 480
2665 481
2666 482
2672 483
2683 484
652 485
1659 486
9 487
723 488
10 489
11 490
2661 491
1001 492
13 493
1315 494
2082 495
1939 496
21 497
1043 498
2310 499
2578 500
29 501
697 502
2343 503
2119 504
2106 505
862 506
1965 507
1532 508
866 509
42 510
1372 511
2400 512
2624 513
2701 514
46 515
47 516
2471 517
49 518
1467 519
2053 520
54 521
2020 522
615 523
2312 524
1322 525
2616 526
543 527
619 528
282 529
70 530
2184 531
206 532
2691 533
72 534
1517 535
77 536
79 537
2049 538
527 539
82 540
83 541
2581 542
2012 543
2013 544
1658 545
1288 546
2014 547
841 548
1087 549
884 550
92 551
1836 552
2490 553
195 554
934 555
675 556
97 557
1353 558
1521 559
100 560
2256 561
1561 562
2210 563
1113 564
971 565
116 566
117 567
259 568
2537 569
1690 570
1029 571
2166 572
1910 573
802 574
125 575
2363 576
1551 577
129 578
1982 579
131 580
479 581
660 582
140 583
147 584
602 585
378 586
914 587
2525 588
1238 589
1689 590
159 591
161 592
164 593
166 594
1056 595
2482 596
2438 597
169 598
1994 599
170 600
1548 601
2334 602
2682 603
2037 604
182 605
185 606
2702 607
1319 608
188 609
1509 610
190 611
193 612
1451 613
2424 614
1255 615
199 616
420 617
200 618
2676 619
1439 620
2430 621
570 622
1345 623
205 624
1905 625
216 626
2473 627
2474 628
781 629
2594 630
224 631
227 632
1053 633
1217 634
551 635
234 636
2591 637
245 638
1162 639
254 640
1211 641
1153 642
365 643
262 644
670 645
268 646
273 647
274 648
275 649
1967 650
280 651
2244 652
1347 653
283 654
1559 655
285 656
618 657
2562 658
2038 659
294 660
2047 661
295 662
296 663
634 664
301 665
1253 666
1172 667
305 668
1009 669
1193 670
2087 671
2088 672
892 673
1949 674
343 675
314 676
920 677
317 678
320 679
1597 680
325 681
2064 682
951 683
331 684
2615 685
333 686
335 687
336 688
1934 689
813 690
340 691
613 692
342 693
2323 694
346 695
999 696
1294 697
2453 698
1668 699
2116 700
1259 701
360 702
1306 703
2469 704
367 705
1545 706
2393 707
369 708
1025 709
2435 710
672 711
678 712
384 713
2483 714
396 715
1988 716
879 717
398 718
806 719
1383 720
404 721
1476 722
1170 723
1275 724
410 725
1179 726
2609 727
1843 728
818 729
1644 730
416 731
2494 732
421 733
424 734
427 735
2043 736
2044 737
705 738
431 739
2694 740
2695 741
432 742
1442 743
433 744
2408 745
1977 746
1985 747
439 748
1455 749
1010 750
488 751
445 752
1434 753
1280 754
450 755
2190 756
1989 757
461 758
1305 759
1814 760
2081 761
2547 762
2105 763
956 764
688 765
992 766
499 767
2458 768
501 769
1918 770
1363 771
511 772
516 773
517 774
952 775
2406 776
2057 777
803 778
531 779
532 780
1863 781
533 782
535 783
2641 784
536 785
1698 786
546 787
547 788
1937 789
1523 790
1497 791
556 792
2585 793
1706 794
560 795
2526 796
1398 797
1361 798
566 799
631 800
1116 801
1223 802
569 803
571 804
1792 805
590 806
1423 807
642 808
594 809
663 810
597 811
637 812
1573 813
1100 814
599 815
605 816
2481 817
2470 818
2443 819
617 820
886 821
624 822
1232 823
1764 824
1430 825
1866 826
900 827
1167 828
1900 829
1895 830
649 831
2523 832
2456 833
673 834
954 835
1445 836
1446 837
682 838
683 839
684 840
686 841
691 842
2108 843
694 844
2062 845
993 846
1637 847
2101 848
822 849
709 850
1285 851
2409 852
2261 853
727 854
2301 855
2302 856
759 857
1817 858
1631 859
1011 860
1088 861
753 862
2459 863
2460 864
761 865
762 866
2314 867
770 868
908 869
773 870
2402 871
784 872
789 873
2592 874
1590 875
1381 876
820 877
811 878
855 879
1831 880
2528 881
1816 882
2036 883
1678 884
1130 885
2403 886
840 887
847 888
2422 889
1993 890
2278 891
856 892
1390 893
858 894
2653 895
1252 896
1440 897
2313 898
880 899
881 900
1155 901
1400 902
890 903
1845 904
1187 905
1858 906
1055 907
2031 908
907 909
1893 910
2134 911
922 912
1406 913
1222 914
1326 915
929 916
2173 917
2517 918
942 919
946 920
2566 921
2567 922
2677 923
1141 924
2019 925
1142 926
976 927
1431 928
978 929
981 930
1175 931
1004 932
1922 933
1425 934
2262 935
2378 936
1168 937
1963 938
1125 939
2563 940
1230 941
1081 942
1342 943
2211 944
1075 945
1082 946
1123 947
1480 948
1886 949
1887 950
1760 951
1114 952
2499 953
2128 954
1930 955
2554 956
2294 957
1144 958
1506 959
1747 960
1151 961
2416 962
2514 963
1163 964
1166 965
1855 966
1355 967
1295 968
1184 969
1992 970
1186 971
2535 972
1621 973
1197 974
2414 975
1206 976
2152 977
1587 978
1225 979
2441 980
1384 981
2577 982
2656 983
1260 984
1270 985
2612 986
1289 987
2684 988
1324 989
2161 990
1576 991
1943 992
1357 993
2170 994
1562 995
1516 996
1646 997
1565 998
1730 999
1744 1000
1492 1001
1471 1002
2150 1003
1379 1004
2267 1005
2698 1006
2218 1007
1923 1008
1424 1009
1813 1010
2663 1011
1453 1012
1459 1013
1461 1014
1611 1015
1465 1016
2601 1017
1504 1018
1515 1019
2680 1020
2687 1021
2686 1022
2338 1023
2340 1024
1564 1025
2541 1026
2050 1027
1767 1028
1783 1029
2196 1030
2398 1031
1680 1032
2318 1033
2320 1034
2321 1035
1684 1036
1852 1037
1859 1038
1876 1039
1877 1040
2389 1041
2299 1042
1811 1043
1822 1044
2573 1045
1890 1046
1897 1047
2284 1048
1915 1049
2649 1050
2475 1051
2630 1052
1991 1053
2467 1054
2042 1055
2311 1056
2331 1057
2231 1058
2292 1059
2242 1060
2245 1061
2368 1062
2369 1063
2452 1064
2689 1065
2634 1066
2636 1067
0 1068
633 1069
2582 1070
1 1071
5 1072
1629 1073
373 1074
8 1075
1318 1076
2662 1077
1632 1078
927 1079
1786 1080
1560 1081
2159 1082
2011 1083
2317 1084
2454 1085
286 1086
2121 1087
35 1088
1640 1089
37 1090
2427 1091
1190 1092
60 1093
1522 1094
40 1095
87 1096
44 1097
2303 1098
1219 1099
2366 1100
2205 1101
1031 1102
714 1103
2206 1104
2214 1105
2213 1106
1392 1107
53 1108
787 1109
412 1110
1715 1111
2651 1112
64 1113
1209 1114
1293 1115
67 1116
68 1117
71 1118
76 1119
659 1120
78 1121
1329 1122
80 1123
1138 1124
2226 1125
85 1126
2164 1127
130 1128
1394 1129
1494 1130
300 1131
1847 1132
2015 1133
1585 1134
330 1135
2380 1136
2151 1137
1495 1138
950 1139
2355 1140
2263 1141
2200 1142
2201 1143
334 1144
2183 1145
2604 1146
101 1147
1589 1148
1878 1149
1790 1150
864 1151
108 1152
2209 1153
289 1154
2093 1155
176 1156
2279 1157
113 1158
114 1159
2288 1160
388 1161
2030 1162
446 1163
2165 1164
554 1165
1549 1166
1537 1167
2251 1168
2252 1169
2079 1170
135 1171
2504 1172
138 1173
141 1174
740 1175
143 1176
1165 1177
1468 1178
1976 1179
381 1180
150 1181
1942 1182
1339 1183
326 1184
1752 1185
1753 1186
1667 1187
1268 1188
2437 1189
168 1190
171 1191
775 1192
1033 1193
1586 1194
629 1195
955 1196
2135 1197
1639 1198
726 1199
179 1200
197 1201
791 1202
183 1203
997 1204
1228 1205
1727 1206
564 1207
382 1208
196 1209
2412 1210
1173 1211
1614 1212
1290 1213
215 1214
217 1215
2091 1216
219 1217
220 1218
376 1219
223 1220
848 1221
2118 1222
387 1223
1376 1224
2647 1225
2648 1226
248 1227
1264 1228
249 1229
253 1230
1266 1231
263 1232
844 1233
2229 1234
267 1235
321 1236
2543 1237
1970 1238
2498 1239
846 1240
749 1241
276 1242
1695 1243
502 1244
746 1245
1722 1246
328 1247
298 1248
607 1249
2386 1250
303 1251
1857 1252
655 1253
2084 1254
1656 1255
958 1256
1584 1257
1771 1258
1651 1259
1490 1260
329 1261
2089 1262
1802 1263
656 1264
2048 1265
309 1266
1241 1267
352 1268
990 1269
1948 1270
1815 1271
1581 1272
1331 1273
1865 1274
312 1275
2296 1276
1921 1277
2232 1278
1073 1279
1297 1280
845 1281
1205 1282
1450 1283
2022 1284
324 1285
928 1286
2480 1287
338 1288
1389 1289
349 1290
2507 1291
354 1292
2652 1293
359 1294
1606 1295
1366 1296
1194 1297
385 1298
2484 1299
720 1300
1265 1301
380 1302
930 1303
2569 1304
477 1305
386 1306
2115 1307
2497 1308
493 1309
1619 1310
1063 1311
1064 1312
395 1313
776 1314
1932 1315
1037 1316
2654 1317
676 1318
593 1319
523 1320
1524 1321
435 1322
878 1323
1039 1324
1332 1325
1981 1326
1642 1327
828 1328
903 1329
1569 1330
451 1331
1258 1332
453 1333
1806 1334
1917 1335
455 1336
2486 1337
667 1338
2347 1339
1201 1340
1953 1341
1276 1342
460 1343
1403 1344
467 1345
468 1346
469 1347
620 1348
471 1349
559 1350
2029 1351
2219 1352
1800 1353
478 1354
2372 1355
1426 1356
2307 1357
1699 1358
839 1359
489 1360
2678 1361
2673 1362
495 1363
1328 1364
1327 1365
496 1366
503 1367
504 1368
2396 1369
1180 1370
1304 1371
1931 1372
2508 1373
2325 1374
509 1375
510 1376
513 1377
1314 1378
2465 1379
1373 1380
1574 1381
1540 1382
529 1383
1419 1384
2260 1385
530 1386
933 1387
2392 1388
539 1389
984 1390
2138 1391
1513 1392
568 1393
1570 1394
572 1395
2407 1396
574 1397
2283 1398
2348 1399
1518 1400
870 1401
906 1402
2352 1403
2353 1404
1974 1405
579 1406
1808 1407
1134 1408
1017 1409
595 1410
1104 1411
1299 1412
968 1413
1823 1414
1875 1415
1248 1416
795 1417
1213 1418
2447 1419
2287 1420
2235 1421
614 1422
888 1423
938 1424
2556 1425
2558 1426
2058 1427
2233 1428
1641 1429
924 1430
894 1431
765 1432
1267 1433
891 1434
1457 1435
1486 1436
1685 1437
2023 1438
1254 1439
2522 1440
830 1441
1885 1442
2364 1443
669 1444
1124 1445
1292 1446
763 1447
1478 1448
2516 1449
2319 1450
699 1451
1368 1452
2069 1453
2070 1454
703 1455
1961 1456
712 1457
850 1458
1385 1459
2500 1460
724 1461
1386 1462
1159 1463
2035 1464
1192 1465
2008 1466
2277 1467
1006 1468
1237 1469
1630 1470
742 1471
1239 1472
2006 1473
1550 1474
1145 1475
752 1476
754 1477
755 1478
757 1479
768 1480
1061 1481
960 1482
1833 1483
1068 1484
2382 1485
1733 1486
837 1487
2670 1488
853 1489
860 1490
2330 1491
2068 1492
1341 1493
2276 1494
1844 1495
872 1496
2608 1497
1674 1498
1835 1499
2073 1500
902 1501
1312 1502
1916 1503
2415 1504
918 1505
2065 1506
921 1507
2293 1508
1433 1509
937 1510
1924 1511
953 1512
2565 1513
1757 1514
2599 1515
1809 1516
2579 1517
2153 1518
2207 1519
1091 1520
2265 1521
995 1522
1840 1523
1625 1524
1788 1525
1452 1526
1962 1527
1023 1528
1243 1529
1047 1530
1925 1531
2051 1532
2333 1533
1588 1534
1380 1535
1099 1536
1605 1537
1074 1538
1092 1539
1106 1540
1369 1541
2067 1542
1607 1543
1242 1544
1207 1545
1888 1546
1748 1547
2379 1548
2674 1549
2675 1550
2560 1551
1663 1552
2332 1553
1128 1554
2275 1555
2281 1556
2371 1557
2350 1558
2590 1559
1460 1560
1191 1561
1200 1562
2524 1563
1330 1564
1660 1565
1291 1566
1308 1567
2237 1568
1679 1569
1249 1570
1278 1571
1746 1572
1283 1573
2102 1574
2103 1575
1338 1576
1335 1577
1997 1578
1362 1579
1972 1580
1712 1581
1726 1582
1755 1583
1766 1584
1904 1585
2491 1586
2274 1587
1378 1588
2137 1589
2072 1590
1508 1591
1420 1592
1429 1593
2520 1594
1435 1595
1688 1596
2131 1597
2346 1598
2286 1599
1657 1600
2688 1601
1892 1602
1819 1603
1609 1604
1768 1605
2381 1606
1968 1607
2576 1608
1820 1609
1867 1610
1971 1611
1969 1612
2413 1613
1796 1614
2297 1615
1891 1616
2039 1617
2204 1618
2002 1619
2370 1620
1862 1621
2546 1622
6 1623
12 1624
158 1625
15 1626
16 1627
2642 1628
1316 1629
2145 1630
2375 1631
1234 1632
2139 1633
2141 1634
25 1635
2455 1636
123 1637
122 1638
27 1639
2360 1640
1687 1641
2645 1642
32 1643
518 1644
1850 1645
588 1646
2040 1647
1913 1648
1146 1649
2107 1650
38 1651
1349 1652
41 1653
152 1654
1604 1655
2041 1656
1662 1657
710 1658
2215 1659
457 1660
1139 1661
767 1662
1983 1663
1156 1664
771 1665
1079 1666
56 1667
447 1668
1627 1669
1287 1670
105 1671
485 1672
2419 1673
391 1674
449 1675
1136 1676
1751 1677
1118 1678
2052 1679
2222 1680
2223 1681
583 1682
1803 1683
2097 1684
257 1685
1117 1686
81 1687
347 1688
1520 1689
86 1690
842 1691
2010 1692
1713 1693
696 1694
851 1695
1741 1696
2463 1697
1157 1698
90 1699
898 1700
93 1701
1838 1702
861 1703
2074 1704
1871 1705
104 1706
107 1707
1650 1708
1647 1709
1769 1710
459 1711
318 1712
1337 1713
1346 1714
1661 1715
758 1716
1762 1717
112 1718
747 1719
255 1720
483 1721
980 1722
589 1723
1622 1724
128 1725
701 1726
834 1727
452 1728
406 1729
137 1730
1780 1731
582 1732
144 1733
2192 1734
213 1735
149 1736
151 1737
2236 1738
1444 1739
1568 1740
1754 1741
1736 1742
157 1743
1870 1744
2493 1745
2308 1746
2000 1747
165 1748
1473 1749
2706 1750
2707 1751
167 1752
2187 1753
173 1754
174 1755
177 1756
2004 1757
181 1758
1683 1759
1837 1760
2580 1761
1536 1762
189 1763
1791 1764
473 1765
202 1766
353 1767
1348 1768
744 1769
883 1770
534 1771
229 1772
1405 1773
549 1774
1868 1775
1864 1776
1572 1777
2078 1778
2539 1779
1828 1780
1759 1781
242 1782
244 1783
246 1784
1531 1785
621 1786
1933 1787
252 1788
261 1789
1479 1790
264 1791
266 1792
578 1793
1195 1794
1215 1795
805 1796
2344 1797
666 1798
2423 1799
304 1800
1000 1801
2250 1802
1999 1803
1177 1804
2685 1805
899 1806
1484 1807
2143 1808
542 1809
1770 1810
2086 1811
1799 1812
2090 1813
383 1814
1947 1815
1272 1816
1946 1817
311 1818
348 1819
1083 1820
827 1821
2156 1822
337 1823
1499 1824
1512 1825
357 1826
366 1827
1414 1828
1553 1829
1354 1830
372 1831
626 1832
375 1833
2401 1834
377 1835
1898 1836
1704 1837
1077 1838
905 1839
1825 1840
849 1841
397 1842
2177 1843
1089 1844
1940 1845
464 1846
405 1847
407 1848
409 1849
411 1850
1488 1851
1669 1852
486 1853
671 1854
627 1855
443 1856
2289 1857
448 1858
2285 1859
1664 1860
1555 1861
463 1862
2445 1863
2304 1864
1311 1865
1182 1866
1880 1867
481 1868
2230 1869
2026 1870
2391 1871
1879 1872
826 1873
2099 1874
1533 1875
2457 1876
843 1877
506 1878
2148 1879
552 1880
526 1881
1216 1882
1007 1883
1896 1884
1608 1885
2127 1886
1995 1887
1127 1888
562 1889
1038 1890
643 1891
994 1892
1218 1893
1474 1894
2195 1895
716 1896
616 1897
622 1898
1951 1899
628 1900
808 1901
1557 1902
2440 1903
807 1904
1086 1905
681 1906
948 1907
2327 1908
801 1909
708 1910
2212 1911
1567 1912
731 1913
1279 1914
1062 1915
1818 1916
2202 1917
1543 1918
2136 1919
2033 1920
1333 1921
1635 1922
764 1923
796 1924
793 1925
1645 1926
800 1927
798 1928
1794 1929
961 1930
2100 1931
1226 1932
1956 1933
814 1934
2495 1935
835 1936
1654 1937
965 1938
2339 1939
1427 1940
1049 1941
2439 1942
1340 1943
2326 1944
1830 1945
1410 1946
1152 1947
915 1948
1026 1949
1098 1950
2027 1951
945 1952
1911 1953
1665 1954
972 1955
1281 1956
1503 1957
1149 1958
989 1959
2436 1960
1008 1961
1675 1962
1040 1963
2055 1964
1510 1965
1432 1966
1320 1967
1071 1968
1085 1969
2110 1970
2066 1971
1477 1972
1718 1973
1109 1974
1110 1975
2129 1976
1717 1977
1235 1978
1462 1979
1697 1980
1500 1981
1133 1982
2185 1983
1148 1984
1714 1985
2132 1986
1719 1987
1720 1988
1734 1989
1178 1990
1716 1991
1502 1992
1525 1993
2154 1994
1749 1995
1929 1996
2324 1997
1987 1998
1960 1999
1365 2000
2519 2001
2266 2002
1827 2003
2259 2004
1498 2005
1487 2006
1554 2007
2596 2008
2246 2009
2 2010
332 2011
4 2012
1016 2013
2175 2014
1996 2015
269 2016
2614 2017
476 2018
14 2019
2668 2020
1271 2021
970 2022
17 2023
2140 2024
18 2025
20 2026
22 2027
1636 2028
1344 2029
26 2030
2162 2031
738 2032
911 2033
2120 2034
698 2035
895 2036
1781 2037
1552 2038
863 2039
2357 2040
2399 2041
1653 2042
1530 2043
1579 2044
52 2045
2172 2046
2021 2047
323 2048
61 2049
540 2050
604 2051
797 2052
558 2053
1723 2054
1189 2055
586 2056
2225 2057
84 2058
2180 2059
423 2060
2295 2061
1677 2062
1882 2063
1732 2064
162 2065
2016 2066
2017 2067
1401 2068
1046 2069
1303 2070
693 2071
2217 2072
1448 2073
1251 2074
608 2075
1775 2076
2157 2077
124 2078
1045 2079
1785 2080
1789 2081
1805 2082
563 2083
2095 2084
110 2085
2492 2086
1959 2087
120 2088
514 2089
370 2090
2169 2091
132 2092
1670 2093
1777 2094
399 2095
1784 2096
142 2097
1593 2098
537 2099
146 2100
148 2101
819 2102
1763 2103
277 2104
2009 2105
211 2106
271 2107
790 2108
172 2109
240 2110
512 2111
2679 2112
1807 2113
1020 2114
2076 2115
1359 2116
2003 2117
297 2118
194 2119
2564 2120
1250 2121
203 2122
857 2123
2681 2124
1906 2125
356 2126
2194 2127
243 2128
1382 2129
792 2130
228 2131
230 2132
232 2133
869 2134
2046 2135
887 2136
1472 2137
2280 2138
936 2139
2515 2140
1964 2141
1978 2142
812 2143
732 2144
809 2145
270 2146
290 2147
1176 2148
299 2149
302 2150
719 2151
573 2152
1797 2153
2085 2154
1856 2155
1245 2156
417 2157
1804 2158
308 2159
875 2160
315 2161
766 2162
1821 2163
327 2164
2063 2165
665 2166
584 2167
341 2168
1546 2169
344 2170
465 2171
1409 2172
1003 2173
428 2174
1408 2175
1415 2176
1834 2177
1710 2178
1101 2179
2434 2180
2538 2181
2114 2182
1899 2183
394 2184
1096 2185
1936 2186
1841 2187
2466 2188
1528 2189
1618 2190
794 2191
434 2192
1693 2193
1979 2194
1980 2195
437 2196
718 2197
1984 2198
725 2199
2290 2200
935 2201
2306 2202
466 2203
1738 2204
647 2205
1313 2206
470 2207
1097 2208
823 2209
1812 2210
859 2211
2390 2212
1652 2213
576 2214
1941 2215
1102 2216
524 2217
548 2218
1129 2219
591 2220
1107 2221
1873 2222
2534 2223
2448 2224
1475 2225
2358 2226
783 2227
1598 2228
728 2229
2442 2230
871 2231
1729 2232
1881 2233
729 2234
2356 2235
689 2236
1012 2237
969 2238
1412 2239
706 2240
722 2241
2501 2242
2395 2243
2570 2244
2553 2245
1221 2246
2203 2247
751 2248
741 2249
1204 2250
2198 2251
2186 2252
985 2253
1566 2254
1724 2255
778 2256
1592 2257
788 2258
2555 2259
889 2260
1307 2261
1935 2262
1534 2263
1829 2264
1196 2265
1482 2266
1728 2267
982 2268
1120 2269
1846 2270
1481 2271
1801 2272
2336 2273
2163 2274
1676 2275
2243 2276
1111 2277
2125 2278
2220 2279
1402 2280
1731 2281
1202 2282
1334 2283
2425 2284
1928 2285
1709 2286
1711 2287
2509 2288
1377 2289
1399 2290
1666 2291
1839 2292
2077 2293
1093 2294
2444 2295
2270 2296
1301 2297
99 2298
606 2299
30 2300
1051 2301
2094 2302
1160 2303
1634 2304
644 2305
596 2306
43 2307
45 2308
2667 2309
51 2310
401 2311
815 2312
2418 2313
1737 2314
1920 2315
2189 2316
876 2317
1214 2318
75 2319
498 2320
743 2321
1174 2322
1094 2323
156 2324
91 2325
2123 2326
1535 2327
2197 2328
1580 2329
103 2330
541 2331
1787 2332
1779 2333
153 2334
1262 2335
1599 2336
111 2337
1884 2338
581 2339
1507 2340
2112 2341
1851 2342
119 2343
379 2344
1901 2345
458 2346
126 2347
392 2348
2144 2349
2329 2350
910 2351
623 2352
1002 2353
145 2354
2059 2355
2388 2356
186 2357
191 2358
2472 2359
1671 2360
1909 2361
1095 2362
838 2363
2485 2364
1388 2365
964 2366
1240 2367
873 2368
2227 2369
2387 2370
1325 2371
2305 2372
2268 2373
1944 2374
1945 2375
408 2376
1620 2377
1756 2378
996 2379
2249 2380
2147 2381
2351 2382
640 2383
2503 2384
438 2385
440 2386
515 2387
1758 2388
1708 2389
1183 2390
2024 2391
480 2392
1773 2393
2241 2394
979 2395
760 2396
2109 2397
1041 2398
893 2399
1395 2400
2113 2401
1874 2402
901 2403
1919 2404
1143 2405
1795 2406
1470 2407
2228 2408
2282 2409
2221 2410
1121 2411
2096 2412
1199 2413
2530 2414
877 2415
2597 2416
998 2417
1957 2418
1054 2419
1750 2420
1396 2421
1761 2422
1090 2423
24 2424
2269 2425
39 2426
201 2427
175 2428
651 2429
1849 2430
1067 2431
1080 2432
69 2433
1926 2434
1745 2435
1035 2436
2018 2437
2178 2438
603 2439
284 2440
1065 2441
1908 2442
737 2443
258 2444
155 2445
484 2446
2476 2447
610 2448
567 2449
1501 2450
1343 2451
2405 2452
816 2453
121 2454
904 2455
831 2456
1519 2457
2518 2458
2240 2459
160 2460
2385 2461
854 2462
1115 2463
1610 2464
251 2465
638 2466
374 2467
1463 2468
2133 2469
1185 2470
2247 2471
1705 2472
1848 2473
1778 2474
368 2475
371 2476
2146 2477
1203 2478
2365 2479
739 2480
1147 2481
402 2482
403 2483
1577 2484
2216 2485
885 2486
492 2487
1417 2488
650 2489
1070 2490
1958 2491
1469 2492
1284 2493
2376 2494
1526 2495
962 2496
1135 2497
1421 2498
1529 2499
2124 2500
2349 2501
1428 2502
1975 2503
2176 2504
1256 2505
281 2506
2075 2507
139 2508
1296 2509
36 2510
609 2511
580 2512
1527 2513
544 2514
2224 2515
1336 2516
817 2517
2181 2518
2056 2519
102 2520
1721 2521
1772 2522
1998 2523
426 2524
1538 2525
1022 2526
897 2527
1907 2528
745 2529
553 2530
442 2531
2309 2532
1826 2533
472 2534
1798 2535
1782 2536
389 2537
1824 2538
2117 2539
704 2540
444 2541
836 2542
1360 2543
1735 2544
2446 2545
1955 2546
1282 2547
779 2548
1903 2549
1273 2550
2071 2551
1269 2552
957 2553
1443 2554
1370 2555
1558 2556
2168 2557
868 2558
2126 2559
2160 2560
33 2561
48 2562
1739 2563
1616 2564
74 2565
2054 2566
133 2567
1158 2568
2335 2569
231 2570
833 2571
1464 2572
482 2573
1300 2574
711 2575
2291 2576
1743 2577
1681 2578
695 2579
1889 2580
490 2581
1954 2582
867 2583
735 2584
702 2585
1602 2586
1702 2587
210 2588
59 2589
65 2590
1351 2591
89 2592
2122 2593
2199 2594
736 2595
456 2596
2080 2597
1842 2598
1367 2599
316 2600
180 2601
1050 2602
1869 2603
1902 2604
2383 2605
1583 2606
2083 2607
1682 2608
1912 2609
1171 2610
1952 2611
2238 2612
441 2613
94 2614
236 2615
454 2616
364 2617
756 2618
218 2619
1154 2620
2451 2621
748 2622
2359 2623
505 2624
1317 2625
1655 2626
279 2627
55 2628
73 2629
1966 2630
734 2631
519 2632
487 2633
1776 2634
2025 2635
154 2636
577 2637
565 2638
657 2639
2450 2640
2130 2641
2464 2642
645 2643
1505 2644
239 2645
1927 2646
1015 2647
1119 2648
2367 2649
1894 2650
1740 2651
350 2652
2248 2653
2671 2654
1973 2655
525 2656
687 2657
1742 2658
1950 2659
1229 2660
429 2661
1725 2662
1309 2663
2394 2664
2001 2665
661 2666
1257 2667
1703 2668
1103 2669
1628 2670
2155 2671
1624 2672
973 2673
310 2674
1765 2675
1416 2676
507 2677
436 2678
963 2679
2182 2680
118 2681
1692 2682
1413 2683
415 2684
95 2685
1131 2686
1483 2687
1042 2688
1441 2689
1169 2690
1224 2691
733 2692
1072 2693
1542 2694
1914 2695
109 2696
2045 2697
598 2698
1013 2699
88 2700
2034 2701
1623 2702
1810 2703
1986 2704
1701 2705
306 2706
1358 2707
