449 0 1
463 1 1
524 2 1
561 3 1
578 4 1
583 5 1
595 6 1
603 7 1
606 8 1
622 9 1
626 10 1
634 11 1
650 12 1
657 13 1
668 14 1
673 15 1
680 16 1
688 17 1
701 18 1
737 19 1
750 20 1
755 21 1
761 22 1
762 23 1
770 24 1
774 25 1
775 26 1
780 27 1
784 28 1
787 29 1
788 30 1
790 31 1
792 32 1
659 33 1
795 34 1
773 35 1
636 36 1
704 37 1
824 38 1
827 39 1
830 40 1
831 41 1
834 42 1
837 43 1
846 44 1
853 45 1
858 46 1
861 47 1
862 48 1
863 49 1
864 50 1
871 51 1
875 52 1
876 53 1
879 54 1
881 55 1
884 56 1
888 57 1
890 58 1
894 59 1
897 60 1
899 61 1
901 62 1
902 63 1
904 64 1
910 65 1
915 66 1
916 67 1
928 68 1
716 69 1
938 70 1
941 71 1
943 72 1
944 73 1
946 74 1
948 75 1
959 76 1
960 77 1
961 78 1
965 79 1
973 80 1
975 81 1
982 82 1
985 83 1
992 84 1
993 85 1
994 86 1
995 87 1
996 88 1
763 89 1
998 90 1
999 91 1
1002 92 1
1003 93 1
1004 94 1
475 95 2
631 96 2
620 97 2
677 98 2
689 99 2
692 100 2
702 101 2
630 102 2
724 103 2
759 104 2
794 105 2
801 106 2
456 107 2
821 108 2
838 109 2
839 110 2
842 111 2
843 112 2
850 113 2
868 114 2
873 115 2
882 116 2
891 117 2
893 118 2
898 119 2
920 120 2
940 121 2
942 122 2
962 123 2
966 124 2
968 125 2
969 126 2
972 127 2
977 128 2
988 129 2
989 130 2
416 131 3
436 132 3
439 133 3
522 134 3
637 135 3
682 136 3
709 137 3
713 138 3
742 139 3
743 140 3
632 141 3
757 142 3
766 143 3
769 144 3
779 145 3
781 146 3
782 147 3
844 148 3
848 149 3
646 150 3
866 151 3
870 152 3
874 153 3
887 154 3
895 155 3
903 156 3
911 157 3
939 158 3
945 159 3
958 160 3
983 161 3
984 162 3
986 163 3
997 164 3
348 165 4
398 166 4
415 167 4
479 168 4
512 169 4
567 170 4
574 171 4
584 172 4
605 173 4
609 174 4
614 175 4
629 176 4
676 177 4
712 178 4
722 179 4
727 180 4
740 181 4
760 182 4
785 183 4
796 184 4
805 185 4
825 186 4
829 187 4
836 188 4
852 189 4
857 190 4
867 191 4
878 192 4
889 193 4
923 194 4
934 195 4
991 196 4
109 197 5
382 198 5
383 199 5
507 200 5
534 201 5
596 202 5
639 203 5
693 204 5
715 205 5
721 206 5
741 207 5
645 208 5
749 209 5
752 210 5
778 211 5
793 212 5
797 213 5
802 214 5
806 215 5
814 216 5
817 217 5
819 218 5
736 219 5
855 220 5
885 221 5
906 222 5
912 223 5
935 224 5
964 225 5
967 226 5
978 227 5
979 228 5
594 229 6
616 230 6
617 231 6
625 232 6
628 233 6
697 234 6
669 235 6
718 236 6
739 237 6
767 238 6
791 239 6
800 240 6
807 241 6
849 242 6
869 243 6
952 244 6
970 245 6
1000 246 6
202 247 7
432 248 7
472 249 7
598 250 7
652 251 7
687 252 7
735 253 7
745 254 7
751 255 7
799 256 7
833 257 7
835 258 7
705 259 7
841 260 7
854 261 7
937 262 7
954 263 7
955 264 7
974 265 7
72 266 8
111 267 8
279 268 8
289 269 8
315 270 8
369 271 8
386 272 8
402 273 8
476 274 8
539 275 8
553 276 8
556 277 8
559 278 8
591 279 8
604 280 8
619 281 8
683 282 8
729 283 8
771 284 8
783 285 8
811 286 8
905 287 8
909 288 8
947 289 8
67 290 9
110 291 9
276 292 9
330 293 9
364 294 9
454 295 9
538 296 9
540 297 9
694 298 9
696 299 9
717 300 9
764 301 9
786 302 9
865 303 9
877 304 9
951 305 9
319 306 10
354 307 10
414 308 10
514 309 10
528 310 10
530 311 10
535 312 10
649 313 10
686 314 10
623 315 10
883 316 10
957 317 10
980 318 10
1001 319 10
175 320 11
239 321 11
410 322 11
477 323 11
488 324 11
554 325 11
575 326 11
600 327 11
613 328 11
585 329 11
624 330 11
635 331 11
656 332 11
664 333 11
789 334 11
886 335 11
919 336 11
921 337 11
924 338 11
927 339 11
43 340 12
503 341 12
517 342 12
558 343 12
565 344 12
706 345 12
723 346 12
730 347 12
647 348 12
804 349 12
907 350 12
929 351 12
987 352 12
22 353 13
49 354 13
144 355 13
224 356 13
341 357 13
451 358 13
505 359 13
516 360 13
577 361 13
618 362 13
643 363 13
672 364 13
719 365 13
725 366 13
733 367 13
758 368 13
818 369 13
872 370 13
926 371 13
119 372 14
396 373 14
435 374 14
471 375 14
501 376 14
536 377 14
587 378 14
599 379 14
627 380 14
678 381 14
734 382 14
851 383 14
930 384 14
50 385 15
270 386 15
465 387 15
487 388 15
644 389 15
768 390 15
931 391 15
956 392 15
71 393 16
220 394 16
298 395 16
384 396 16
521 397 16
555 398 16
582 399 16
597 400 16
610 401 16
728 402 16
840 403 16
933 404 16
953 405 16
120 406 17
246 407 17
247 408 17
313 409 17
344 410 17
469 411 17
497 412 17
527 413 17
621 414 17
640 415 17
651 416 17
810 417 17
815 418 17
925 419 17
70 420 18
117 421 18
148 422 18
219 423 18
227 424 18
267 425 18
399 426 18
403 427 18
542 428 18
557 429 18
641 430 18
662 431 18
663 432 18
674 433 18
679 434 18
708 435 18
710 436 18
726 437 18
803 438 18
112 439 19
257 440 19
297 441 19
324 442 19
328 443 19
334 444 19
391 445 19
491 446 19
523 447 19
532 448 19
563 449 19
570 450 19
573 451 19
576 452 19
642 453 19
753 454 19
777 455 19
75 456 20
240 457 20
293 458 20
343 459 20
374 460 20
392 461 20
484 462 20
510 463 20
541 464 20
551 465 20
571 466 20
579 467 20
690 468 20
765 469 20
822 470 20
990 471 20
102 472 21
192 473 21
230 474 21
241 475 21
260 476 21
277 477 21
468 478 21
500 479 21
816 480 21
519 481 21
892 482 21
913 483 21
914 484 21
76 485 22
185 486 22
228 487 22
287 488 22
302 489 22
307 490 22
349 491 22
385 492 22
511 493 22
566 494 22
588 495 22
666 496 22
681 497 22
860 498 22
78 499 23
97 500 23
98 501 23
134 502 23
156 503 23
274 504 23
294 505 23
299 506 23
350 507 23
431 508 23
433 509 23
496 510 23
502 511 23
714 512 23
720 513 23
823 514 23
922 515 23
949 516 23
52 517 24
217 518 24
235 519 24
317 520 24
331 521 24
335 522 24
347 523 24
378 524 24
461 525 24
467 526 24
470 527 24
572 528 24
589 529 24
602 530 24
638 531 24
699 532 24
756 533 24
813 534 24
77 535 25
122 536 25
446 537 25
545 538 25
586 539 25
826 540 25
832 541 25
900 542 25
936 543 25
976 544 25
981 545 25
193 546 26
244 547 26
248 548 26
322 549 26
262 550 26
345 551 26
352 552 26
442 553 26
611 554 26
908 555 26
918 556 26
90 557 27
99 558 27
101 559 27
125 560 27
136 561 27
216 562 27
291 563 27
325 564 27
346 565 27
388 566 27
407 567 27
428 568 27
457 569 27
550 570 27
590 571 27
665 572 27
695 573 27
698 574 27
847 575 27
917 576 27
33 577 28
127 578 28
146 579 28
149 580 28
207 581 28
225 582 28
332 583 28
360 584 28
406 585 28
413 586 28
485 587 28
544 588 28
547 589 28
568 590 28
608 591 28
754 592 28
776 593 28
34 594 29
73 595 29
91 596 29
186 597 29
237 598 29
259 599 29
273 600 29
304 601 29
312 602 29
372 603 29
445 604 29
828 605 29
118 606 30
418 607 30
447 608 30
462 609 30
492 610 30
581 611 30
562 612 30
655 613 30
667 614 30
671 615 30
700 616 30
845 617 30
880 618 30
896 619 30
88 620 31
104 621 31
205 622 31
229 623 31
266 624 31
310 625 31
327 626 31
444 627 31
138 628 32
242 629 32
359 630 32
394 631 32
429 632 32
453 633 32
564 634 32
748 635 32
25 636 33
26 637 33
32 638 33
126 639 33
176 640 33
196 641 33
250 642 33
381 643 33
592 644 33
607 645 33
39 646 34
66 647 34
123 648 34
178 649 34
190 650 34
200 651 34
275 652 34
323 653 34
508 654 34
738 655 34
8 656 35
37 657 35
130 658 35
195 659 35
197 660 35
204 661 35
336 662 35
425 663 35
489 664 35
529 665 35
135 666 36
159 667 36
198 668 36
251 669 36
264 670 36
292 671 36
311 672 36
370 673 36
397 674 36
548 675 36
85 676 37
150 677 37
265 678 37
268 679 37
400 680 37
9 681 38
24 682 38
139 683 38
288 684 38
337 685 38
601 686 38
654 687 38
100 688 39
140 689 39
203 690 39
308 691 39
387 692 39
423 693 39
437 694 39
448 695 39
569 696 39
747 697 39
53 698 40
326 699 40
380 700 40
395 701 40
452 702 40
478 703 40
707 704 40
963 705 40
55 706 41
108 707 41
161 708 41
188 709 41
353 710 41
490 711 41
543 712 41
552 713 41
0 714 42
79 715 42
92 716 42
94 717 42
124 718 42
253 719 42
284 720 42
504 721 42
593 722 42
36 723 43
171 724 43
238 725 43
389 726 43
515 727 43
525 728 43
661 729 43
151 730 44
194 731 44
286 732 44
309 733 44
373 734 44
480 735 44
481 736 44
483 737 44
537 738 44
38 739 45
182 740 45
316 741 45
357 742 45
368 743 45
390 744 45
422 745 45
482 746 45
950 747 45
45 748 46
56 749 46
68 750 46
95 751 46
164 752 46
213 753 46
685 754 46
10 755 47
158 756 47
272 757 47
458 758 47
464 759 47
809 760 47
31 761 48
261 762 48
306 763 48
320 764 48
361 765 48
47 766 49
54 767 49
143 768 49
199 769 49
234 770 49
356 771 49
376 772 49
401 773 49
499 774 49
1 775 50
15 776 50
103 777 50
147 778 50
236 779 50
314 780 50
421 781 50
59 782 51
208 783 51
214 784 51
243 785 51
245 786 51
466 787 51
531 788 51
153 789 52
154 790 52
163 791 52
177 792 52
355 793 52
379 794 52
430 795 52
460 796 52
60 797 53
179 798 53
358 799 53
443 800 53
509 801 53
520 802 53
18 803 54
187 804 54
278 805 54
408 806 54
513 807 54
612 808 54
201 809 55
321 810 55
427 811 55
441 812 55
560 813 55
12 814 56
29 815 56
223 816 56
35 817 57
48 818 57
258 819 57
363 820 57
40 821 58
131 822 58
339 823 58
426 824 58
181 825 59
206 826 59
281 827 59
318 828 59
191 829 60
305 830 60
351 831 60
615 832 60
812 833 60
27 834 61
132 835 61
221 836 61
338 837 61
506 838 61
526 839 61
69 840 62
231 841 62
263 842 62
455 843 62
226 844 63
255 845 63
417 846 63
162 847 64
233 848 64
57 849 65
375 850 65
30 851 66
218 852 66
856 853 66
51 854 67
167 855 68
271 856 68
362 857 68
412 858 68
3 859 69
61 860 69
89 861 69
145 862 69
152 863 69
440 864 69
7 865 70
19 866 70
80 867 70
222 868 70
46 869 71
174 870 71
296 871 71
518 872 71
20 873 72
342 874 72
450 875 72
486 876 72
859 877 72
42 878 73
459 879 73
11 880 74
16 881 74
189 882 74
300 883 74
168 884 75
157 885 77
14 886 78
155 887 78
184 888 78
495 889 78
23 890 79
549 891 79
474 892 80
116 893 81
141 894 81
173 895 81
180 896 81
290 897 81
254 898 82
269 899 82
367 900 82
393 901 82
404 902 82
438 903 82
137 904 83
209 905 83
295 906 83
210 907 84
409 908 84
93 909 85
113 910 85
371 911 86
493 912 86
498 913 86
285 914 87
41 915 89
65 916 89
232 917 89
172 918 90
215 919 90
365 920 90
74 921 91
2 922 93
4 923 94
971 924 95
170 925 96
329 926 96
932 927 97
419 928 99
546 929 99
303 930 101
28 931 103
44 932 104
366 933 104
411 934 104
340 935 105
133 936 106
473 937 108
17 938 109
81 939 111
6 940 113
494 941 114
165 942 117
169 943 117
96 944 118
212 945 119
252 946 119
280 947 120
405 948 122
63 949 123
58 950 124
256 951 127
820 952 128
115 953 129
301 954 129
84 955 130
424 956 132
333 957 133
21 958 136
87 959 137
282 960 137
377 961 137
420 962 138
83 963 139
142 964 139
106 965 140
114 966 140
283 967 140
105 968 144
128 969 144
211 970 152
533 971 157
129 972 162
249 973 166
64 974 168
5 975 169
183 976 171
166 977 175
13 978 178
434 979 183
62 980 214
86 981 216
107 982 219
82 983 231
121 984 232
160 985 345
