449 0
524 1
561 2
578 3
580 4
583 5
595 6
603 7
606 8
622 9
626 10
633 11
648 12
650 13
653 14
657 15
658 16
660 17
668 18
670 19
675 20
680 21
684 22
688 23
691 24
701 25
703 26
711 27
731 28
732 29
744 30
746 31
750 32
755 33
761 34
762 35
770 36
772 37
774 38
775 39
780 40
787 41
790 42
792 43
795 44
798 45
808 46
824 47
827 48
830 49
831 50
834 51
853 52
858 53
861 54
862 55
863 56
864 57
871 58
875 59
876 60
879 61
881 62
888 63
894 64
897 65
899 66
901 67
902 68
904 69
910 70
915 71
916 72
928 73
938 74
941 75
943 76
944 77
946 78
948 79
959 80
960 81
961 82
965 83
973 84
975 85
982 86
985 87
993 88
994 89
995 90
996 91
998 92
999 93
1002 94
1003 95
1004 96
463 97
475 98
634 99
636 100
659 101
673 102
677 103
692 104
702 105
704 106
716 107
724 108
737 109
759 110
763 111
773 112
784 113
788 114
794 115
801 116
821 117
837 118
838 119
839 120
842 121
843 122
846 123
850 124
868 125
873 126
882 127
884 128
890 129
891 130
893 131
920 132
940 133
942 134
962 135
966 136
969 137
972 138
988 139
992 140
416 141
436 142
439 143
456 144
522 145
620 146
630 147
631 148
682 149
689 150
709 151
713 152
769 153
779 154
781 155
782 156
844 157
848 158
866 159
870 160
874 161
895 162
898 163
903 164
911 165
939 166
958 167
968 168
977 169
983 170
984 171
986 172
989 173
997 174
348 175
398 176
415 177
574 178
584 179
605 180
629 181
632 182
637 183
646 184
676 185
712 186
722 187
727 188
740 189
742 190
743 191
757 192
760 193
766 194
785 195
796 196
805 197
825 198
829 199
857 200
867 201
878 202
887 203
889 204
934 205
945 206
991 207
109 208
382 209
479 210
512 211
534 212
567 213
609 214
614 215
693 216
715 217
749 218
752 219
778 220
793 221
814 222
819 223
836 224
852 225
855 226
885 227
906 228
912 229
923 230
935 231
964 232
967 233
978 234
383 235
507 236
594 237
596 238
616 239
617 240
625 241
639 242
645 243
718 244
721 245
736 246
739 247
741 248
767 249
791 250
797 251
800 252
802 253
806 254
807 255
817 256
869 257
970 258
979 259
1000 260
202 261
432 262
472 263
628 264
652 265
669 266
687 267
697 268
735 269
751 270
799 271
835 272
849 273
854 274
952 275
954 276
974 277
72 278
111 279
289 280
315 281
369 282
386 283
476 284
539 285
598 286
604 287
619 288
705 289
729 290
745 291
771 292
783 293
811 294
833 295
841 296
909 297
937 298
955 299
67 300
279 301
364 302
402 303
454 304
540 305
553 306
556 307
559 308
591 309
683 310
694 311
696 312
764 313
877 314
905 315
947 316
110 317
276 318
330 319
530 320
535 321
538 322
686 323
717 324
786 325
865 326
951 327
957 328
1001 329
175 330
239 331
319 332
354 333
410 334
414 335
488 336
514 337
528 338
575 339
623 340
624 341
635 342
649 343
656 344
789 345
883 346
886 347
921 348
924 349
980 350
477 351
503 352
554 353
558 354
565 355
585 356
600 357
613 358
664 359
706 360
804 361
919 362
927 363
987 364
43 365
341 366
451 367
505 368
517 369
577 370
643 371
647 372
723 373
725 374
730 375
818 376
872 377
907 378
929 379
22 380
49 381
119 382
144 383
224 384
396 385
471 386
501 387
516 388
536 389
599 390
618 391
672 392
719 393
733 394
734 395
758 396
926 397
270 398
435 399
587 400
627 401
678 402
768 403
851 404
930 405
956 406
50 407
298 408
384 409
465 410
487 411
521 412
555 413
644 414
728 415
931 416
953 417
71 418
220 419
247 420
497 421
582 422
597 423
610 424
621 425
810 426
840 427
933 428
70 429
120 430
219 431
246 432
313 433
344 434
399 435
469 436
527 437
542 438
557 439
640 440
651 441
815 442
925 443
117 444
148 445
227 446
257 447
267 448
297 449
324 450
403 451
523 452
576 453
641 454
662 455
663 456
674 457
679 458
708 459
710 460
726 461
803 462
112 463
328 464
334 465
391 466
491 467
532 468
551 469
563 470
570 471
571 472
573 473
642 474
753 475
765 476
777 477
990 478
75 479
240 480
293 481
343 482
374 483
392 484
468 485
484 486
500 487
510 488
541 489
579 490
690 491
822 492
913 493
102 494
185 495
192 496
228 497
230 498
241 499
260 500
277 501
287 502
519 503
566 504
816 505
892 506
914 507
76 508
78 509
156 510
274 511
302 512
307 513
349 514
385 515
511 516
588 517
666 518
681 519
860 520
97 521
98 522
134 523
217 524
235 525
294 526
299 527
317 528
331 529
350 530
431 531
433 532
467 533
496 534
502 535
714 536
720 537
813 538
823 539
922 540
949 541
52 542
77 543
335 544
347 545
378 546
461 547
470 548
545 549
572 550
586 551
589 552
602 553
638 554
699 555
756 556
122 557
248 558
446 559
611 560
826 561
832 562
900 563
936 564
976 565
981 566
193 567
244 568
262 569
322 570
345 571
352 572
407 573
442 574
550 575
908 576
917 577
918 578
90 579
99 580
101 581
125 582
127 583
136 584
216 585
291 586
325 587
332 588
346 589
388 590
428 591
457 592
590 593
665 594
695 595
698 596
754 597
847 598
33 599
146 600
149 601
207 602
225 603
312 604
360 605
406 606
413 607
445 608
485 609
544 610
547 611
568 612
608 613
776 614
828 615
34 616
73 617
91 618
186 619
237 620
259 621
273 622
304 623
372 624
418 625
492 626
667 627
671 628
700 629
118 630
205 631
310 632
447 633
462 634
562 635
581 636
655 637
845 638
880 639
896 640
88 641
104 642
138 643
229 644
266 645
327 646
444 647
25 648
242 649
359 650
394 651
429 652
453 653
564 654
607 655
748 656
26 657
32 658
126 659
176 660
190 661
196 662
250 663
381 664
508 665
592 666
39 667
66 668
123 669
178 670
200 671
275 672
323 673
738 674
8 675
37 676
130 677
195 678
197 679
204 680
311 681
336 682
370 683
425 684
489 685
529 686
548 687
135 688
159 689
198 690
251 691
264 692
268 693
292 694
397 695
85 696
150 697
265 698
400 699
601 700
654 701
9 702
24 703
139 704
203 705
288 706
337 707
747 708
53 709
100 710
140 711
308 712
387 713
423 714
437 715
448 716
569 717
707 718
188 719
326 720
380 721
395 722
452 723
478 724
963 725
55 726
108 727
161 728
253 729
353 730
490 731
543 732
552 733
593 734
0 735
79 736
92 737
94 738
124 739
284 740
504 741
36 742
171 743
238 744
389 745
515 746
525 747
661 748
151 749
194 750
286 751
309 752
373 753
422 754
480 755
481 756
483 757
537 758
950 759
38 760
182 761
316 762
357 763
368 764
390 765
482 766
10 767
45 768
56 769
68 770
95 771
164 772
213 773
685 774
158 775
272 776
458 777
464 778
809 779
31 780
261 781
306 782
320 783
361 784
47 785
54 786
143 787
147 788
199 789
234 790
356 791
376 792
401 793
499 794
1 795
15 796
103 797
236 798
314 799
421 800
59 801
153 802
163 803
208 804
214 805
243 806
245 807
466 808
531 809
154 810
177 811
355 812
379 813
430 814
460 815
60 816
179 817
187 818
358 819
443 820
509 821
520 822
18 823
278 824
408 825
441 826
513 827
560 828
612 829
201 830
321 831
427 832
12 833
29 834
223 835
363 836
35 837
48 838
258 839
40 840
131 841
339 842
426 843
181 844
206 845
281 846
318 847
191 848
221 849
305 850
351 851
615 852
812 853
27 854
132 855
338 856
506 857
526 858
69 859
226 860
231 861
263 862
455 863
162 864
255 865
417 866
233 867
57 868
375 869
30 870
218 871
856 872
51 873
152 874
167 875
271 876
362 877
412 878
3 879
61 880
89 881
145 882
440 883
7 884
19 885
80 886
222 887
46 888
174 889
296 890
518 891
20 892
342 893
450 894
459 895
486 896
859 897
16 898
42 899
11 900
189 901
300 902
168 903
155 904
157 905
14 906
184 907
495 908
23 909
549 910
474 911
116 912
141 913
173 914
180 915
290 916
254 917
269 918
367 919
393 920
404 921
438 922
137 923
209 924
295 925
210 926
409 927
93 928
113 929
493 930
498 931
371 932
285 933
41 934
65 935
232 936
172 937
215 938
365 939
74 940
2 941
4 942
971 943
170 944
329 945
932 946
419 947
546 948
303 949
28 950
44 951
366 952
411 953
340 954
133 955
473 956
17 957
81 958
6 959
494 960
165 961
169 962
96 963
212 964
252 965
280 966
405 967
63 968
58 969
256 970
820 971
115 972
301 973
84 974
424 975
333 976
21 977
282 978
87 979
377 980
420 981
83 982
142 983
106 984
114 985
283 986
105 987
128 988
211 989
533 990
129 991
249 992
64 993
5 994
183 995
166 996
13 997
434 998
62 999
86 1000
107 1001
82 1002
121 1003
160 1004
